791754
159216
648142
231090
111214
200950
802002
225100
98747
564992
259822
305664
273682
687852
182060
39687
12942
784257
439160
181703
683204
331147
160272
201494
336767
234420
354505
653098
688919
675057
569680
770259
197709
42398
176690
358489
34142
480339
84980
186480
393207
735720
255295
954432
733075
875710
702646
481857
752781
81900
286414
253268
585703
247095
332094
288508
252365
56560
913766
478727
123297
686798
71731
857955
450368
674712
935527
587289
852268
963950
552030
97185
171505
307908
894253
268140
13133
69541
583458
292323
589160
258436
673059
135926
289514
399503
122798
940216
196356
981533
568126
891672
222224
267772
145943
16458
947599
854031
863638
639491
991619
144362
651927
299045
563951
979168
160509
922086
960557
29132
853361
335663
123500
891797
221971
89665
479404
314747
556652
896658
236750
658924
265114
240430
785595
946555
483563
3951
560542
108856
389051
386904
685462
466812
450030
93208
810936
890943
20395
320406
222360
937082
441240
648800
760370
752813
789565
433903
809614
203602
273046
746456
218621
426419
65159
760194
27535
734187
606846
804066
675880
523506
627395
434602
478341
43468
59612
365550
986180
834748
713572
65617
871102
817548
610075
510361
782948
653725
971540
141403
314014
410457
835777
26986
519776
611756
627471
956774
809833
426780
291721
49279
661356
793032
370301
513246
468742
195824
614283
145784